version 1
nodes
  0 "02"  -1
  1 "03"  -1
  2 "04"   1
  3 "05"   2
  4 "06"   2
  5 "09"   4
  6 "15"   5
  7 "10"   4
  8 "16"   7
  9 "17"   7
 10 "20"   9
 11 "21"   9
 12 "24"  11
 13 "25"  11
 14 "30"  13
 15 "26"  11
 16 "11"   4
 17 "18"  16
 18 "19"  16
 19 "22"  18
 20 "23"  18
 21 "27"  20
 22 "28"  20
 23 "31"  22
 24 "29"  20
 25 "07"   2
 26 "12"  25
 27 "08"   2
 28 "13"  27
end
skeleton
time 0
  0 0.000000 0.000000 0.000000 0.000000 -0.000000 0.000000
  1 0.000000 0.000000 0.000000 0.000000 -0.000000 0.000000
  2 5.202690 3.415460 0.113084 0.000000 -0.000000 0.000000
  3 -7.008600 -25.351561 31.601814 0.000000 -0.000000 0.000000
  4 -7.693630 -5.346890 0.410452 0.000000 -0.000000 0.000000
  5 0.446470 -19.555470 3.672984 0.000000 -0.000000 0.000000
  6 0.721518 46.763000 -17.976219 0.000000 -0.000000 0.000000
  7 17.806440 -24.603371 8.899934 0.000000 -0.000000 0.000000
  8 -7.396811 51.810898 -23.203171 0.000000 -0.000000 0.000000
  9 24.985495 15.011802 0.000000 0.000000 -0.000000 0.000000
 10 -1.175911 37.560230 -23.203171 0.000000 -0.000000 0.000000
 11 26.591202 -10.869700 0.000000 0.000000 -0.000000 0.000000
 12 -1.888641 47.668800 -23.203171 0.000000 -0.000000 0.000000
 13 32.094406 15.121480 0.000000 0.000000 -0.000000 0.000000
 14 -6.582321 32.547321 -23.203171 0.000000 -0.000000 0.000000
 15 10.425308 21.551279 1.653830 0.000000 -0.000000 0.000000
 16 -15.821760 -24.603371 8.899934 0.000000 -0.000000 0.000000
 17 3.397431 51.810898 -23.203171 0.000000 -0.000000 0.000000
 18 -25.287596 15.011802 0.000000 0.000000 -0.000000 0.000000
 19 -11.654945 41.365891 -23.203171 0.000000 -0.000000 0.000000
 20 -27.424904 -10.869700 0.000000 0.000000 -0.000000 0.000000
 21 -4.019440 47.668800 -23.203171 0.000000 -0.000000 0.000000
 22 -31.895798 15.121480 0.000000 0.000000 -0.000000 0.000000
 23 1.236740 31.025063 -23.203171 0.000000 -0.000000 0.000000
 24 -11.392303 21.551281 1.653830 0.000000 -0.000000 0.000000
 25 -7.253260 8.202940 2.130286 0.000000 -0.000000 0.000000
 26 2.249881 31.163719 -16.390129 0.000000 -0.000000 0.000000
 27 -7.056650 -2.508329 12.716316 0.000000 -0.000000 0.000000
 28 -33.452141 -0.444729 1.400000 0.000000 -0.000000 0.000000
end
triangles
Phoenix2.vmat
  0 -70.000000 95.500000 79.000000 0.310927 -0.422787 0.851220 0.482422 0.568359 2 17 0.500000 19 0.500000
  0 -111.500000 68.000000 80.500000 0.265170 -0.346871 0.899647 0.416016 0.632813 2 19 0.500000 21 0.500000
  0 -113.000000 44.750000 69.500000 0.271964 -0.951476 0.143974 0.431641 0.652344 2 19 0.500000 21 0.500000
Phoenix2.vmat
  0 -70.000000 95.500000 79.000000 -0.030367 -0.158994 0.986812 0.482422 0.568359 2 17 0.500000 19 0.500000
  0 -113.000000 44.750000 69.500000 0.271964 -0.951476 0.143974 0.431641 0.652344 2 19 0.500000 21 0.500000
  0 -74.500000 40.500000 70.000000 -0.085360 -0.688537 0.720160 0.535156 0.605469 2 17 0.500000 19 0.500000
Phoenix2.vmat
  0 -74.500000 40.500000 70.000000 -0.085360 -0.688537 0.720160 0.535156 0.605469 2 17 0.500000 19 0.500000
  0 -113.000000 44.750000 69.500000 0.271964 -0.951476 0.143974 0.431641 0.652344 2 19 0.500000 21 0.500000
  0 -98.500000 109.500000 61.250000 -0.629131 0.720947 -0.290569 0.345703 0.599609 2 19 0.500000 21 0.500000
Phoenix2.vmat
  0 -74.500000 40.500000 70.000000 -0.045686 -0.141297 -0.988913 0.535156 0.605469 2 17 0.500000 19 0.500000
  0 -98.500000 109.500000 61.250000 -0.629131 0.720947 -0.290569 0.345703 0.599609 2 19 0.500000 21 0.500000
  0 -73.000000 131.000000 57.000000 -0.663014 0.747541 -0.039933 0.455078 0.546875 2 17 0.500000 19 0.500000
Phoenix2.vmat
  0 -98.500000 109.500000 61.250000 -0.629131 0.720947 -0.290569 0.345703 0.599609 2 19 0.500000 21 0.500000
  0 -73.000000 131.000000 57.000000 -0.663014 0.747541 -0.039933 0.455078 0.546875 2 17 0.500000 19 0.500000
  0 -106.000000 237.000000 33.750000 -0.511873 0.071341 0.856094 0.105957 0.550781 2 19 0.500000 21 0.500000
Phoenix2.vmat
  0 -73.000000 131.000000 57.000000 -0.663014 0.747541 -0.039933 0.455078 0.546875 2 17 0.500000 19 0.500000
  0 -23.750000 26.500000 -23.750000 0.934051 0.323826 0.150616 0.242188 0.324219 2 17 0.500000 19 0.500000
  0 -106.000000 237.000000 33.750000 -0.511873 0.071341 0.856094 0.105957 0.550781 2 19 0.500000 21 0.500000
Phoenix2.vmat
  0 -73.000000 131.000000 57.000000 -0.663014 0.747541 -0.039933 0.455078 0.546875 2 17 0.500000 19 0.500000
  0 -98.500000 109.500000 61.250000 -0.629131 0.720947 -0.290569 0.345703 0.599609 2 19 0.500000 21 0.500000
  0 -111.500000 68.000000 80.500000 0.265170 -0.346871 0.899647 0.416016 0.632813 2 19 0.500000 21 0.500000
Phoenix2.vmat
  0 -73.000000 131.000000 57.000000 -0.663014 0.747541 -0.039933 0.455078 0.546875 2 17 0.500000 19 0.500000
  0 -111.500000 68.000000 80.500000 -0.292157 0.485824 0.823783 0.416016 0.632813 2 19 0.500000 21 0.500000
  0 -70.000000 95.500000 79.000000 -0.292157 0.485824 0.823783 0.482422 0.568359 2 17 0.500000 19 0.500000
Phoenix2.vmat
  0 -106.000000 237.000000 33.750000 -0.511873 0.071341 0.856094 0.105957 0.550781 2 19 0.500000 21 0.500000
  0 -23.750000 26.500000 -23.750000 -0.934051 -0.323826 -0.150616 0.242188 0.324219 2 17 0.500000 19 0.500000
  0 -73.000000 131.000000 57.000000 -0.663014 0.747541 -0.039933 0.455078 0.546875 2 17 0.500000 19 0.500000
Phoenix2.vmat
  0 -106.000000 237.000000 33.750000 -0.511873 0.071341 0.856094 0.105957 0.550781 2 19 0.500000 21 0.500000
  0 -73.000000 131.000000 57.000000 -0.663014 0.747541 -0.039933 0.455078 0.546875 2 17 0.500000 19 0.500000
  0 -98.500000 109.500000 61.250000 -0.629131 0.720947 -0.290569 0.345703 0.599609 2 19 0.500000 21 0.500000
Phoenix2.vmat
  0 16.125000 22.875000 2.890625 -0.902440 0.057346 0.426983 0.691406 0.410156 3 3 0.333333 6 0.333333 8 0.333333
  0 25.625000 2.968750 4.375000 0.486365 -0.862976 0.136827 0.707031 0.548828 3 3 0.333333 6 0.333333 8 0.333333
  0 65.000000 40.500000 70.000000 0.013159 -0.795233 0.606161 0.535156 0.605469 2 8 0.500000 10 0.500000
Phoenix2.vmat
  0 16.125000 22.875000 2.890625 -0.902440 0.057346 0.426983 0.691406 0.410156 3 3 0.333333 6 0.333333 8 0.333333
  0 65.000000 40.500000 70.000000 0.013159 -0.795233 0.606161 0.535156 0.605469 2 8 0.500000 10 0.500000
  0 61.000000 95.500000 79.000000 -0.915586 0.133436 0.379339 0.482422 0.568359 2 8 0.500000 10 0.500000
Phoenix2.vmat
  0 19.500000 31.750000 -7.250000 0.110071 0.611563 -0.783502 0.546875 0.402344 2 3 0.500000 8 0.500000
  0 16.125000 22.875000 2.890625 -0.902440 0.057346 0.426983 0.691406 0.410156 3 3 0.333333 6 0.333333 8 0.333333
  0 61.000000 95.500000 79.000000 -0.915586 0.133436 0.379339 0.482422 0.568359 2 8 0.500000 10 0.500000
Phoenix2.vmat
  0 19.500000 31.750000 -7.250000 0.110071 0.611563 -0.783502 0.546875 0.402344 2 3 0.500000 8 0.500000
  0 61.000000 95.500000 79.000000 -0.915586 0.133436 0.379339 0.482422 0.568359 2 8 0.500000 10 0.500000
  0 63.750000 131.000000 57.000000 -0.831850 0.517890 -0.199537 0.455078 0.546875 2 8 0.500000 10 0.500000
Phoenix2.vmat
  0 63.750000 131.000000 57.000000 -0.831850 0.517890 -0.199537 0.455078 0.546875 2 8 0.500000 10 0.500000
  0 27.750000 26.500000 -23.750000 1.000000 0.000000 0.000000 0.242188 0.324219 2 8 0.500000 10 0.500000
  0 19.500000 31.750000 -7.250000 0.110071 0.611563 -0.783502 0.546875 0.402344 2 3 0.500000 8 0.500000
Phoenix2.vmat
  0 25.625000 2.968750 4.375000 0.486365 -0.862976 0.136827 0.707031 0.548828 3 3 0.333333 6 0.333333 8 0.333333
  0 19.500000 31.750000 -7.250000 0.110071 0.611563 -0.783502 0.546875 0.402344 2 3 0.500000 8 0.500000
  0 63.750000 131.000000 57.000000 -0.831850 0.517890 -0.199537 0.455078 0.546875 2 8 0.500000 10 0.500000
Phoenix2.vmat
  0 25.625000 2.968750 4.375000 0.486365 -0.862976 0.136827 0.707031 0.548828 3 3 0.333333 6 0.333333 8 0.333333
  0 63.750000 131.000000 57.000000 -0.831850 0.517890 -0.199537 0.455078 0.546875 2 8 0.500000 10 0.500000
  0 65.000000 40.500000 70.000000 0.013159 -0.795233 0.606161 0.535156 0.605469 2 8 0.500000 10 0.500000
Phoenix2.vmat
  0 27.750000 26.500000 -23.750000 1.000000 0.000000 0.000000 0.242188 0.324219 2 8 0.500000 10 0.500000
  0 63.750000 131.000000 57.000000 -0.831850 0.517890 -0.199537 0.455078 0.546875 2 8 0.500000 10 0.500000
  0 19.500000 31.750000 -7.250000 0.110071 0.611563 -0.783502 0.546875 0.402344 2 3 0.500000 8 0.500000
Phoenix2.vmat
  0 27.750000 26.500000 -23.750000 1.000000 0.000000 0.000000 0.242188 0.324219 2 8 0.500000 10 0.500000
  0 19.500000 31.750000 -7.250000 0.110071 0.611563 -0.783502 0.546875 0.402344 2 3 0.500000 8 0.500000
  0 13.875000 29.250000 -21.000000 1.000000 0.000000 0.000000 0.171875 0.203125 3 3 0.333333 8 0.333333 26 0.333333
Phoenix2.vmat
  0 19.500000 31.750000 -7.250000 0.110071 0.611563 -0.783502 0.546875 0.402344 2 3 0.500000 8 0.500000
  0 27.750000 26.500000 -23.750000 1.000000 0.000000 0.000000 0.242188 0.324219 2 8 0.500000 10 0.500000
  0 13.875000 29.250000 -21.000000 1.000000 0.000000 0.000000 0.171875 0.203125 3 3 0.333333 8 0.333333 26 0.333333
Phoenix2.vmat
  0 146.000000 111.000000 61.000000 -0.691801 0.184304 -0.698171 0.267578 0.748047 2 12 0.500000 14 0.500000
  0 142.000000 221.000000 36.500000 1.000000 0.000000 0.000000 0.002823 0.770508 2 12 0.500000 14 0.500000
  0 207.000000 250.000000 37.250000 0.370327 0.912357 -0.174537 0.010071 0.999957 1 14 1.000000
Phoenix2.vmat
  0 207.000000 250.000000 37.250000 0.370327 0.912357 -0.174537 0.010071 0.999957 1 14 1.000000
  0 146.000000 111.000000 61.000000 -0.691801 0.184304 -0.698171 0.267578 0.748047 2 12 0.500000 14 0.500000
  0 148.000000 107.000000 71.500000 0.542461 -0.022678 0.839775 0.253906 0.730469 2 12 0.500000 14 0.500000
Phoenix2.vmat
  0 207.000000 250.000000 37.250000 0.370327 0.912357 -0.174537 0.010071 0.999957 1 14 1.000000
  0 148.000000 107.000000 71.500000 0.542461 -0.022678 0.839775 0.253906 0.730469 2 12 0.500000 14 0.500000
  0 149.000000 92.000000 63.250000 0.916177 -0.363937 -0.167837 0.298828 0.774414 2 12 0.500000 14 0.500000
Phoenix2.vmat
  0 207.000000 250.000000 37.250000 0.370327 0.912357 -0.174537 0.010071 0.999957 1 14 1.000000
  0 149.000000 92.000000 63.250000 0.916177 -0.363937 -0.167837 0.298828 0.774414 2 12 0.500000 14 0.500000
  0 146.000000 111.000000 61.000000 -0.691801 0.184304 -0.698171 0.267578 0.748047 2 12 0.500000 14 0.500000
Phoenix2.vmat
  0 142.000000 221.000000 36.500000 1.000000 0.000000 0.000000 0.002823 0.770508 2 12 0.500000 14 0.500000
  0 146.000000 111.000000 61.000000 -0.691801 0.184304 -0.698171 0.267578 0.748047 2 12 0.500000 14 0.500000
  0 207.000000 250.000000 37.250000 0.370327 0.912357 -0.174537 0.010071 0.999957 1 14 1.000000
Phoenix2.vmat
  0 89.500000 109.500000 61.250000 -0.332190 0.854157 -0.400081 0.345703 0.599609 2 10 0.500000 12 0.500000
  0 148.000000 107.000000 71.500000 0.171811 0.434943 0.883915 0.253906 0.730469 2 12 0.500000 14 0.500000
  0 146.000000 111.000000 61.000000 -0.028365 0.797553 -0.602582 0.267578 0.748047 2 12 0.500000 14 0.500000
Phoenix2.vmat
  0 103.500000 44.750000 69.500000 0.676827 -0.683697 -0.272881 0.431641 0.652344 2 10 0.500000 12 0.500000
  0 89.500000 109.500000 61.250000 -0.332190 0.854157 -0.400081 0.345703 0.599609 2 10 0.500000 12 0.500000
  0 146.000000 111.000000 61.000000 -0.028365 0.797553 -0.602582 0.267578 0.748047 2 12 0.500000 14 0.500000
Phoenix2.vmat
  0 103.500000 44.750000 69.500000 0.676827 -0.683697 -0.272881 0.431641 0.652344 2 10 0.500000 12 0.500000
  0 146.000000 111.000000 61.000000 -0.028365 0.797553 -0.602582 0.267578 0.748047 2 12 0.500000 14 0.500000
  0 149.000000 92.000000 63.250000 0.639868 -0.692290 -0.333622 0.298828 0.774414 2 12 0.500000 14 0.500000
Phoenix2.vmat
  0 102.000000 68.000000 80.500000 0.289494 -0.107201 0.951158 0.416016 0.632813 2 10 0.500000 12 0.500000
  0 103.500000 44.750000 69.500000 0.676827 -0.683697 -0.272881 0.431641 0.652344 2 10 0.500000 12 0.500000
  0 149.000000 92.000000 63.250000 0.639868 -0.692290 -0.333622 0.298828 0.774414 2 12 0.500000 14 0.500000
Phoenix2.vmat
  0 89.500000 109.500000 61.250000 -0.332190 0.854157 -0.400081 0.345703 0.599609 2 10 0.500000 12 0.500000
  0 102.000000 68.000000 80.500000 0.289494 -0.107201 0.951158 0.416016 0.632813 2 10 0.500000 12 0.500000
  0 148.000000 107.000000 71.500000 0.171811 0.434943 0.883915 0.253906 0.730469 2 12 0.500000 14 0.500000
Phoenix2.vmat
  0 102.000000 68.000000 80.500000 0.289494 -0.107201 0.951158 0.416016 0.632813 2 10 0.500000 12 0.500000
  0 149.000000 92.000000 63.250000 0.639868 -0.692290 -0.333622 0.298828 0.774414 2 12 0.500000 14 0.500000
  0 148.000000 107.000000 71.500000 0.171811 0.434943 0.883915 0.253906 0.730469 2 12 0.500000 14 0.500000
Phoenix2.vmat
  0 97.000000 237.000000 33.750000 0.000000 0.242536 0.970142 0.105957 0.550781 2 10 0.500000 12 0.500000
  0 146.000000 111.000000 61.000000 -0.028365 0.797553 -0.602582 0.267578 0.748047 2 12 0.500000 14 0.500000
  0 89.500000 109.500000 61.250000 -0.332190 0.854157 -0.400081 0.345703 0.599609 2 10 0.500000 12 0.500000
Phoenix2.vmat
  0 142.000000 221.000000 36.500000 1.000000 0.000000 0.000000 0.002823 0.770508 2 12 0.500000 14 0.500000
  0 146.000000 111.000000 61.000000 -0.028365 0.797553 -0.602582 0.267578 0.748047 2 12 0.500000 14 0.500000
  0 97.000000 237.000000 33.750000 0.000000 0.242536 0.970142 0.105957 0.550781 2 10 0.500000 12 0.500000
Phoenix2.vmat
  0 146.000000 111.000000 61.000000 -0.028365 0.797553 -0.602582 0.267578 0.748047 2 12 0.500000 14 0.500000
  0 97.000000 237.000000 33.750000 0.000000 0.242536 0.970142 0.105957 0.550781 2 10 0.500000 12 0.500000
  0 89.500000 109.500000 61.250000 -0.332190 0.854157 -0.400081 0.345703 0.599609 2 10 0.500000 12 0.500000
Phoenix2.vmat
  0 146.000000 111.000000 61.000000 -0.028365 0.797553 -0.602582 0.267578 0.748047 2 12 0.500000 14 0.500000
  0 142.000000 221.000000 36.500000 1.000000 0.000000 0.000000 0.002823 0.770508 2 12 0.500000 14 0.500000
  0 97.000000 237.000000 33.750000 0.000000 0.242536 0.970142 0.105957 0.550781 2 10 0.500000 12 0.500000
Phoenix2.vmat
  0 -216.000000 250.000000 37.250000 -0.370327 0.912357 -0.174538 0.010071 0.999957 1 23 1.000000
  0 -157.000000 107.000000 71.500000 -0.542461 -0.022678 0.839775 0.253906 0.730469 2 21 0.500000 23 0.500000
  0 -155.000000 111.000000 61.000000 0.691801 0.184304 -0.698171 0.267578 0.748047 2 21 0.500000 23 0.500000
Phoenix2.vmat
  0 -216.000000 250.000000 37.250000 -0.370327 0.912357 -0.174538 0.010071 0.999957 1 23 1.000000
  0 -155.000000 111.000000 61.000000 0.691801 0.184304 -0.698171 0.267578 0.748047 2 21 0.500000 23 0.500000
  0 -158.000000 92.000000 63.250000 -0.916177 -0.363937 -0.167839 0.298828 0.774414 2 21 0.500000 23 0.500000
Phoenix2.vmat
  0 -216.000000 250.000000 37.250000 -0.370327 0.912357 -0.174538 0.010071 0.999957 1 23 1.000000
  0 -158.000000 92.000000 63.250000 -0.916177 -0.363937 -0.167839 0.298828 0.774414 2 21 0.500000 23 0.500000
  0 -157.000000 107.000000 71.500000 -0.542461 -0.022678 0.839775 0.253906 0.730469 2 21 0.500000 23 0.500000
Phoenix2.vmat
  0 -155.000000 111.000000 61.000000 0.691801 0.184304 -0.698171 0.267578 0.748047 2 21 0.500000 23 0.500000
  0 -216.000000 250.000000 37.250000 -0.370327 0.912357 -0.174538 0.010071 0.999957 1 23 1.000000
  0 -151.000000 221.000000 36.500000 -0.031235 0.000000 0.999512 0.002823 0.770508 2 21 0.500000 23 0.500000
Phoenix2.vmat
  0 -151.000000 221.000000 36.500000 -0.031235 0.000000 0.999512 0.002823 0.770508 2 21 0.500000 23 0.500000
  0 -216.000000 250.000000 37.250000 -0.370327 0.912357 -0.174538 0.010071 0.999957 1 23 1.000000
  0 -155.000000 111.000000 61.000000 0.691801 0.184304 -0.698171 0.267578 0.748047 2 21 0.500000 23 0.500000
Phoenix2.vmat
  0 -151.000000 221.000000 36.500000 -0.031235 0.000000 0.999512 0.002823 0.770508 2 21 0.500000 23 0.500000
  0 -106.000000 237.000000 33.750000 0.001200 0.184288 0.982871 0.105957 0.550781 2 19 0.500000 21 0.500000
  0 -155.000000 111.000000 61.000000 0.028380 0.797542 -0.602595 0.267578 0.748047 2 21 0.500000 23 0.500000
Phoenix2.vmat
  0 -155.000000 111.000000 61.000000 0.028380 0.797542 -0.602595 0.267578 0.748047 2 21 0.500000 23 0.500000
  0 -106.000000 237.000000 33.750000 0.001200 0.184288 0.982871 0.105957 0.550781 2 19 0.500000 21 0.500000
  0 -151.000000 221.000000 36.500000 -0.031235 0.000000 0.999512 0.002823 0.770508 2 21 0.500000 23 0.500000
Phoenix2.vmat
  0 -106.000000 237.000000 33.750000 0.001200 0.184288 0.982871 0.105957 0.550781 2 19 0.500000 21 0.500000
  0 -98.500000 109.500000 61.250000 0.332298 0.851655 -0.405293 0.345703 0.599609 2 19 0.500000 21 0.500000
  0 -155.000000 111.000000 61.000000 0.028380 0.797542 -0.602595 0.267578 0.748047 2 21 0.500000 23 0.500000
Phoenix2.vmat
  0 -155.000000 111.000000 61.000000 0.028380 0.797542 -0.602595 0.267578 0.748047 2 21 0.500000 23 0.500000
  0 -98.500000 109.500000 61.250000 0.332298 0.851655 -0.405293 0.345703 0.599609 2 19 0.500000 21 0.500000
  0 -106.000000 237.000000 33.750000 0.001200 0.184288 0.982871 0.105957 0.550781 2 19 0.500000 21 0.500000
Phoenix2.vmat
  0 -113.000000 44.750000 69.500000 -0.677863 -0.678778 -0.282421 0.431641 0.652344 2 19 0.500000 21 0.500000
  0 -158.000000 92.000000 63.250000 -0.642844 -0.688441 -0.335858 0.298828 0.774414 2 21 0.500000 23 0.500000
  0 -155.000000 111.000000 61.000000 0.028380 0.797542 -0.602595 0.267578 0.748047 2 21 0.500000 23 0.500000
Phoenix2.vmat
  0 -113.000000 44.750000 69.500000 -0.677863 -0.678778 -0.282421 0.431641 0.652344 2 19 0.500000 21 0.500000
  0 -155.000000 111.000000 61.000000 0.028380 0.797542 -0.602595 0.267578 0.748047 2 21 0.500000 23 0.500000
  0 -98.500000 109.500000 61.250000 0.332298 0.851655 -0.405293 0.345703 0.599609 2 19 0.500000 21 0.500000
Phoenix2.vmat
  0 -98.500000 109.500000 61.250000 0.332298 0.851655 -0.405293 0.345703 0.599609 2 19 0.500000 21 0.500000
  0 -155.000000 111.000000 61.000000 0.028380 0.797542 -0.602595 0.267578 0.748047 2 21 0.500000 23 0.500000
  0 -157.000000 107.000000 71.500000 -0.172363 0.436076 0.883249 0.253906 0.730469 2 21 0.500000 23 0.500000
Phoenix2.vmat
  0 -98.500000 109.500000 61.250000 0.332298 0.851655 -0.405293 0.345703 0.599609 2 19 0.500000 21 0.500000
  0 -157.000000 107.000000 71.500000 -0.172363 0.436076 0.883249 0.253906 0.730469 2 21 0.500000 23 0.500000
  0 -111.500000 68.000000 80.500000 -0.291982 -0.106604 0.950464 0.416016 0.632813 2 19 0.500000 21 0.500000
Phoenix2.vmat
  0 -111.500000 68.000000 80.500000 -0.291982 -0.106604 0.950464 0.416016 0.632813 2 19 0.500000 21 0.500000
  0 -157.000000 107.000000 71.500000 -0.172363 0.436076 0.883249 0.253906 0.730469 2 21 0.500000 23 0.500000
  0 -158.000000 92.000000 63.250000 -0.642844 -0.688441 -0.335858 0.298828 0.774414 2 21 0.500000 23 0.500000
Phoenix2.vmat
  0 -111.500000 68.000000 80.500000 -0.291982 -0.106604 0.950464 0.416016 0.632813 2 19 0.500000 21 0.500000
  0 -158.000000 92.000000 63.250000 -0.642844 -0.688441 -0.335858 0.298828 0.774414 2 21 0.500000 23 0.500000
  0 -113.000000 44.750000 69.500000 -0.677863 -0.678778 -0.282421 0.431641 0.652344 2 19 0.500000 21 0.500000
Phoenix2.vmat
  0 -73.000000 131.000000 57.000000 0.771734 0.594208 -0.226590 0.455078 0.546875 2 17 0.500000 19 0.500000
  0 -15.562500 31.750000 -7.250000 -0.037876 0.637676 -0.769373 0.546875 0.402344 2 3 0.500000 17 0.500000
  0 -23.750000 26.500000 -23.750000 0.408248 0.816497 -0.408248 0.242188 0.324219 2 17 0.500000 19 0.500000
Phoenix2.vmat
  0 -15.562500 31.750000 -7.250000 -0.037876 0.637676 -0.769373 0.546875 0.402344 2 3 0.500000 17 0.500000
  0 -9.937500 29.250000 -21.000000 1.000000 0.000000 0.000000 0.171875 0.203125 3 3 0.333333 17 0.333333 26 0.333333
  0 -23.750000 26.500000 -23.750000 0.408248 0.816497 -0.408248 0.242188 0.324219 2 17 0.500000 19 0.500000
Phoenix2.vmat
  0 -23.750000 26.500000 -23.750000 0.408248 0.816497 -0.408248 0.242188 0.324219 2 17 0.500000 19 0.500000
  0 -9.937500 29.250000 -21.000000 1.000000 0.000000 0.000000 0.171875 0.203125 3 3 0.333333 17 0.333333 26 0.333333
  0 -15.562500 31.750000 -7.250000 -0.037876 0.637676 -0.769373 0.546875 0.402344 2 3 0.500000 17 0.500000
Phoenix2.vmat
  0 -23.750000 26.500000 -23.750000 0.408248 0.816497 -0.408248 0.242188 0.324219 2 17 0.500000 19 0.500000
  0 -15.562500 31.750000 -7.250000 -0.037876 0.637676 -0.769373 0.546875 0.402344 2 3 0.500000 17 0.500000
  0 -73.000000 131.000000 57.000000 0.771734 0.594208 -0.226590 0.455078 0.546875 2 17 0.500000 19 0.500000
Phoenix2.vmat
  0 -15.562500 31.750000 -7.250000 -0.037876 0.637676 -0.769373 0.546875 0.402344 2 3 0.500000 17 0.500000
  0 -73.000000 131.000000 57.000000 0.771734 0.594208 -0.226590 0.455078 0.546875 2 17 0.500000 19 0.500000
  0 -70.000000 95.500000 79.000000 0.866876 0.158634 0.472611 0.482422 0.568359 2 17 0.500000 19 0.500000
Phoenix2.vmat
  0 -15.562500 31.750000 -7.250000 -0.037876 0.637676 -0.769373 0.546875 0.402344 2 3 0.500000 17 0.500000
  0 -70.000000 95.500000 79.000000 0.866876 0.158634 0.472611 0.482422 0.568359 2 17 0.500000 19 0.500000
  0 -12.187500 22.875000 2.890625 0.852082 0.104939 0.512780 0.691406 0.410156 3 3 0.333333 6 0.333333 17 0.333333
Phoenix2.vmat
  0 -12.187500 22.875000 2.890625 0.852082 0.104939 0.512780 0.691406 0.410156 3 3 0.333333 6 0.333333 17 0.333333
  0 -70.000000 95.500000 79.000000 0.866876 0.158634 0.472611 0.482422 0.568359 2 17 0.500000 19 0.500000
  0 -74.500000 40.500000 70.000000 -0.092008 -0.851064 0.516938 0.535156 0.605469 2 17 0.500000 19 0.500000
Phoenix2.vmat
  0 -12.187500 22.875000 2.890625 0.852082 0.104939 0.512780 0.691406 0.410156 3 3 0.333333 6 0.333333 17 0.333333
  0 -74.500000 40.500000 70.000000 -0.092008 -0.851064 0.516938 0.535156 0.605469 2 17 0.500000 19 0.500000
  0 -21.750000 2.968750 4.375000 -0.429067 -0.888966 0.160131 0.707031 0.548828 3 3 0.333333 6 0.333333 17 0.333333
Phoenix2.vmat
  0 -21.750000 2.968750 4.375000 -0.429067 -0.888966 0.160131 0.707031 0.548828 3 3 0.333333 6 0.333333 17 0.333333
  0 -74.500000 40.500000 70.000000 -0.092008 -0.851064 0.516938 0.535156 0.605469 2 17 0.500000 19 0.500000
  0 -73.000000 131.000000 57.000000 0.771734 0.594208 -0.226590 0.455078 0.546875 2 17 0.500000 19 0.500000
Phoenix2.vmat
  0 -21.750000 2.968750 4.375000 -0.429067 -0.888966 0.160131 0.707031 0.548828 3 3 0.333333 6 0.333333 17 0.333333
  0 -73.000000 131.000000 57.000000 0.771734 0.594208 -0.226590 0.455078 0.546875 2 17 0.500000 19 0.500000
  0 -15.562500 31.750000 -7.250000 -0.037876 0.637676 -0.769373 0.546875 0.402344 2 3 0.500000 17 0.500000
Phoenix2.vmat
  0 65.000000 40.500000 70.000000 0.143649 -0.982009 0.122572 0.535156 0.605469 2 8 0.500000 10 0.500000
  0 63.750000 131.000000 57.000000 0.664817 0.744800 -0.057371 0.455078 0.546875 2 8 0.500000 10 0.500000
  0 89.500000 109.500000 61.250000 0.625431 0.724741 -0.289114 0.345703 0.599609 2 10 0.500000 12 0.500000
Phoenix2.vmat
  0 65.000000 40.500000 70.000000 0.143649 -0.982009 0.122572 0.535156 0.605469 2 8 0.500000 10 0.500000
  0 89.500000 109.500000 61.250000 0.625431 0.724741 -0.289114 0.345703 0.599609 2 10 0.500000 12 0.500000
  0 103.500000 44.750000 69.500000 0.053201 -0.577758 -0.814473 0.431641 0.652344 2 10 0.500000 12 0.500000
Phoenix2.vmat
  0 61.000000 95.500000 79.000000 0.189552 0.275055 0.942558 0.482422 0.568359 2 8 0.500000 10 0.500000
  0 65.000000 40.500000 70.000000 0.143649 -0.982009 0.122572 0.535156 0.605469 2 8 0.500000 10 0.500000
  0 103.500000 44.750000 69.500000 0.053201 -0.577758 -0.814473 0.431641 0.652344 2 10 0.500000 12 0.500000
Phoenix2.vmat
  0 61.000000 95.500000 79.000000 0.189552 0.275055 0.942558 0.482422 0.568359 2 8 0.500000 10 0.500000
  0 103.500000 44.750000 69.500000 -0.314467 -0.422474 0.850074 0.431641 0.652344 2 10 0.500000 12 0.500000
  0 102.000000 68.000000 80.500000 -0.178524 -0.208879 0.961509 0.416016 0.632813 2 10 0.500000 12 0.500000
Phoenix2.vmat
  0 63.750000 131.000000 57.000000 0.664817 0.744800 -0.057371 0.455078 0.546875 2 8 0.500000 10 0.500000
  0 61.000000 95.500000 79.000000 0.189552 0.275055 0.942558 0.482422 0.568359 2 8 0.500000 10 0.500000
  0 102.000000 68.000000 80.500000 -0.178524 -0.208879 0.961509 0.416016 0.632813 2 10 0.500000 12 0.500000
Phoenix2.vmat
  0 63.750000 131.000000 57.000000 0.664817 0.744800 -0.057371 0.455078 0.546875 2 8 0.500000 10 0.500000
  0 102.000000 68.000000 80.500000 -0.178524 -0.208879 0.961509 0.416016 0.632813 2 10 0.500000 12 0.500000
  0 89.500000 109.500000 61.250000 0.625431 0.724741 -0.289114 0.345703 0.599609 2 10 0.500000 12 0.500000
Phoenix2.vmat
  0 89.500000 109.500000 61.250000 0.625431 0.724741 -0.289114 0.345703 0.599609 2 10 0.500000 12 0.500000
  0 97.000000 237.000000 33.750000 1.000000 0.000000 0.000000 0.105957 0.550781 2 10 0.500000 12 0.500000
  0 63.750000 131.000000 57.000000 0.664817 0.744800 -0.057371 0.455078 0.546875 2 8 0.500000 10 0.500000
Phoenix2.vmat
  0 97.000000 237.000000 33.750000 1.000000 0.000000 0.000000 0.105957 0.550781 2 10 0.500000 12 0.500000
  0 89.500000 109.500000 61.250000 0.625431 0.724741 -0.289114 0.345703 0.599609 2 10 0.500000 12 0.500000
  0 63.750000 131.000000 57.000000 0.664817 0.744800 -0.057371 0.455078 0.546875 2 8 0.500000 10 0.500000
Phoenix2.vmat
  0 63.750000 131.000000 57.000000 0.664817 0.744800 -0.057371 0.455078 0.546875 2 8 0.500000 10 0.500000
  0 97.000000 237.000000 33.750000 1.000000 0.000000 0.000000 0.105957 0.550781 2 10 0.500000 12 0.500000
  0 27.750000 26.500000 -23.750000 1.000000 0.000000 0.000000 0.242188 0.324219 2 8 0.500000 10 0.500000
Phoenix2.vmat
  0 97.000000 237.000000 33.750000 1.000000 0.000000 0.000000 0.105957 0.550781 2 10 0.500000 12 0.500000
  0 63.750000 131.000000 57.000000 0.664817 0.744800 -0.057371 0.455078 0.546875 2 8 0.500000 10 0.500000
  0 27.750000 26.500000 -23.750000 1.000000 0.000000 0.000000 0.242188 0.324219 2 8 0.500000 10 0.500000
Phoenix2.vmat
  0 2.250000 -7.187500 -7.031250 0.004203 -0.782981 -0.622031 0.392578 0.207031 2 3 0.500000 26 0.500000
  0 -15.562500 31.750000 -7.250000 0.447715 0.415575 -0.791738 0.601563 0.355469 2 3 0.500000 17 0.500000
  0 -9.937500 29.250000 -21.000000 0.758773 0.620672 0.197558 0.318359 0.511719 3 3 0.333333 17 0.333333 26 0.333333
Phoenix2.vmat
  0 -9.937500 29.250000 -21.000000 0.758773 0.620672 0.197558 0.318359 0.511719 3 3 0.333333 17 0.333333 26 0.333333
  0 -15.562500 31.750000 -7.250000 0.447715 0.415575 -0.791738 0.601563 0.355469 2 3 0.500000 17 0.500000
  0 3.046875 2.328125 -18.500000 -0.028162 0.999571 0.008011 0.378906 0.742188 2 3 0.500000 26 0.500000
Phoenix2.vmat
  0 -15.562500 31.750000 -7.250000 0.447715 0.415575 -0.791738 0.601563 0.355469 2 3 0.500000 17 0.500000
  0 -12.187500 22.875000 2.890625 0.819074 0.569701 0.067509 0.710938 0.390625 3 3 0.333333 6 0.333333 17 0.333333
  0 3.046875 2.328125 -18.500000 -0.028162 0.999571 0.008011 0.378906 0.742188 2 3 0.500000 26 0.500000
Phoenix2.vmat
  0 3.046875 2.328125 -18.500000 -0.028162 0.999571 0.008011 0.378906 0.742188 2 3 0.500000 26 0.500000
  0 -12.187500 22.875000 2.890625 0.819074 0.569701 0.067509 0.710938 0.390625 3 3 0.333333 6 0.333333 17 0.333333
  0 3.609375 6.500000 -7.343750 -0.094397 0.963629 -0.250017 0.640625 0.587891 1 3 1.000000
Phoenix2.vmat
  0 -12.187500 22.875000 2.890625 0.819074 0.569701 0.067509 0.710938 0.390625 3 3 0.333333 6 0.333333 17 0.333333
  0 2.937500 6.656250 2.671875 -0.001569 0.999875 -0.015704 0.746094 0.542969 2 3 0.500000 6 0.500000
  0 3.609375 6.500000 -7.343750 -0.094397 0.963629 -0.250017 0.640625 0.587891 1 3 1.000000
Phoenix2.vmat
  0 16.125000 22.875000 2.890625 -0.852720 0.521221 0.034590 0.710938 0.390625 3 3 0.333333 6 0.333333 8 0.333333
  0 3.609375 6.500000 -7.343750 -0.094397 0.963629 -0.250017 0.640625 0.587891 1 3 1.000000
  0 2.937500 6.656250 2.671875 -0.001569 0.999875 -0.015704 0.746094 0.542969 2 3 0.500000 6 0.500000
Phoenix2.vmat
  0 3.046875 2.328125 -18.500000 -0.028162 0.999571 0.008011 0.378906 0.742188 2 3 0.500000 26 0.500000
  0 3.609375 6.500000 -7.343750 -0.094397 0.963629 -0.250017 0.640625 0.587891 1 3 1.000000
  0 16.125000 22.875000 2.890625 -0.852720 0.521221 0.034590 0.710938 0.390625 3 3 0.333333 6 0.333333 8 0.333333
Phoenix2.vmat
  0 19.500000 31.750000 -7.250000 -0.507462 0.307732 -0.804850 0.601563 0.355469 2 3 0.500000 8 0.500000
  0 3.046875 2.328125 -18.500000 -0.028162 0.999571 0.008011 0.378906 0.742188 2 3 0.500000 26 0.500000
  0 16.125000 22.875000 2.890625 -0.852720 0.521221 0.034590 0.710938 0.390625 3 3 0.333333 6 0.333333 8 0.333333
Phoenix2.vmat
  0 13.875000 29.250000 -21.000000 -0.893499 0.328933 0.305716 0.318359 0.511719 3 3 0.333333 8 0.333333 26 0.333333
  0 3.046875 2.328125 -18.500000 -0.028162 0.999571 0.008011 0.378906 0.742188 2 3 0.500000 26 0.500000
  0 19.500000 31.750000 -7.250000 -0.507462 0.307732 -0.804850 0.601563 0.355469 2 3 0.500000 8 0.500000
Phoenix2.vmat
  0 2.250000 -7.187500 -7.031250 0.004203 -0.782981 -0.622031 0.392578 0.207031 2 3 0.500000 26 0.500000
  0 13.875000 29.250000 -21.000000 -0.893499 0.328933 0.305716 0.318359 0.511719 3 3 0.333333 8 0.333333 26 0.333333
  0 19.500000 31.750000 -7.250000 -0.507462 0.307732 -0.804850 0.601563 0.355469 2 3 0.500000 8 0.500000
Phoenix2.vmat
  0 2.250000 -7.187500 -7.031250 0.004203 -0.782981 -0.622031 0.392578 0.207031 2 3 0.500000 26 0.500000
  0 19.500000 31.750000 -7.250000 -0.507462 0.307732 -0.804850 0.601563 0.355469 2 3 0.500000 8 0.500000
  0 25.625000 2.968750 4.375000 0.536247 -0.398621 -0.744003 0.609375 0.335938 3 3 0.333333 6 0.333333 8 0.333333
Phoenix2.vmat
  0 2.250000 -7.187500 -7.031250 0.004203 -0.782981 -0.622031 0.392578 0.207031 2 3 0.500000 26 0.500000
  0 25.625000 2.968750 4.375000 0.536247 -0.398621 -0.744003 0.609375 0.335938 3 3 0.333333 6 0.333333 8 0.333333
  0 2.468750 -11.062500 5.937500 0.012196 -0.958016 -0.286456 0.437500 0.074219 2 3 0.500000 6 0.500000
Phoenix2.vmat
  0 2.250000 -7.187500 -7.031250 0.004203 -0.782981 -0.622031 0.392578 0.207031 2 3 0.500000 26 0.500000
  0 2.468750 -11.062500 5.937500 0.012196 -0.958016 -0.286456 0.437500 0.074219 2 3 0.500000 6 0.500000
  0 -21.750000 2.968750 4.375000 -0.526297 -0.402480 -0.749013 0.609375 0.335938 3 3 0.333333 6 0.333333 17 0.333333
Phoenix2.vmat
  0 2.250000 -7.187500 -7.031250 0.004203 -0.782981 -0.622031 0.392578 0.207031 2 3 0.500000 26 0.500000
  0 -21.750000 2.968750 4.375000 -0.526297 -0.402480 -0.749013 0.609375 0.335938 3 3 0.333333 6 0.333333 17 0.333333
  0 -15.562500 31.750000 -7.250000 0.447715 0.415575 -0.791738 0.601563 0.355469 2 3 0.500000 17 0.500000
end
